0. 0
1. 0.73
2. 0.73
3. 0.27
4. 0.64
5. 0.91
6. 0.55
7. 0.73
8. 0.82
9. 0.73
10. 0.64
11. 0.55
12. 0.55
13. 0.55
14. 0.27
15. 0.64
16. 0.36
17. 0.73
18. 0.73
19. 0.77
20. 0.59
21. 0.5
22. 0.55
23. 0
24. 0.55
25. 0.55
26. 0.55
27. 0.45
28. 0.68
29. 0.14
30. 1
31. 0.82
32. 0.59
33. 0.27
34. 0.32
35. 0.55
36. 0.91
37. 0.64
38. 0.64
39. 0.45
40. 0.64
41. 0.09
42. 0.5
43. 0.36
44. 0.5
45. 0.14
46. 0.64
47. 0.91
48. 0.27
49. 0.95
50. 0.36
51. 0.64
52. 0.45
53. 0.5
54. 0.09
55. 0.73
56. 0.55
57. 0.55
58. 0.41
59. 0.45
60. 0.64
61. 0.64
62. 0.82
63. 0.73
64. 0.55
65. 0.32
66. 0.45
67. 0.82
68. 0.64
69. 0.68
70. 0.59
71. 0.55
72. 0.91
73. 0.73
74. 0.36
75. 0.64
76. 0.82
77. 0.82
78. 0.5
79. 0.55
80. 0.73
81. 0.5
82. 0.68
